     0/149     1.68G   0.06691    0.5788    0.2587    0.9044       110       512  0.007968    0.3448  0.003798 0.0005421    0.1053   0.04393    0.2538
     1/149     3.85G   0.05793   0.02272    0.2425    0.3232       137       512   0.01183    0.3148  0.004933 0.0007396    0.1056   0.02064    0.2326
     2/149     3.85G    0.0575    0.0165    0.2102    0.2842       141       512   0.03661    0.1263   0.01173  0.002081    0.1049   0.01954    0.1964
     3/149     3.85G   0.05704   0.01646    0.1546    0.2281       140       512    0.0129    0.3169  0.006497  0.001001   0.09875     0.035    0.1027
     4/149     3.85G   0.05696   0.01565   0.07903    0.1516       131       512   0.07923    0.1285    0.0242  0.003879   0.09588   0.02553   0.07291
     5/149     3.85G   0.05621   0.01463   0.03244    0.1033       135       512   0.05458    0.2891    0.0272  0.004468   0.09232   0.05489   0.05666
     6/149     3.85G   0.05368   0.01448   0.01635    0.0845       160       512    0.1791    0.2163   0.09202   0.01877   0.08887   0.02087   0.05204
     7/149     3.85G   0.05068   0.01454  0.009419   0.07464       134       512    0.2269    0.3019    0.1573   0.03442   0.08776   0.02174   0.05015
     8/149     3.85G   0.04878   0.01489  0.006067   0.06974       125       512    0.3182    0.2398    0.1727   0.03622   0.08819   0.02104   0.04484
     9/149     3.85G   0.04667   0.01486  0.004283   0.06581       124       512    0.2652    0.3555    0.2129   0.05088   0.08454    0.0208   0.03785
    10/149     3.85G   0.04524   0.01529  0.003142   0.06367       128       512    0.2546    0.3726    0.2024   0.05274   0.08184   0.02123   0.02997
    11/149     3.85G   0.04407   0.01503  0.002396   0.06149       125       512    0.3286    0.3312    0.2315   0.05628   0.08117   0.02158   0.02893
    12/149     3.85G   0.04314   0.01554  0.002031   0.06071       153       512    0.3047    0.2848    0.1822   0.04642   0.08558   0.02176   0.02767
    13/149     3.85G   0.04227   0.01566  0.001531   0.05946       160       512    0.3988    0.3212    0.2652    0.0719   0.08249   0.02205   0.02204
    14/149     3.85G   0.04217   0.01614  0.001473   0.05978        94       512    0.4551    0.3405    0.3256    0.0982   0.07848   0.02192   0.01922
    15/149     3.85G   0.04034   0.01575  0.001255   0.05734        88       512    0.4505    0.4026    0.3492    0.1047   0.07727   0.02165   0.01606
    16/149     3.85G   0.04008   0.01631 0.0008421   0.05724       117       512    0.4092    0.4368    0.3556    0.1098   0.07455   0.02154   0.01282
    17/149     3.85G   0.03901   0.01623 0.0007941   0.05604       131       512    0.4451    0.5353    0.4433    0.1504   0.07135   0.02183   0.01406
    18/149     3.85G   0.03713   0.01657 0.0005531   0.05426       155       512    0.4756    0.3576    0.3426    0.1062   0.07544   0.02237   0.01179
    19/149     3.85G   0.03705   0.01678 0.0006477   0.05447       146       512    0.4829    0.4898    0.4407    0.1506   0.07212   0.02128   0.00918
    20/149     3.85G   0.03715   0.01629 0.0005624     0.054        97       512    0.6179    0.4467    0.4913    0.1728   0.07446    0.0224   0.01146
    21/149     3.85G   0.03664   0.01612 0.0004553   0.05321       139       512    0.4736    0.4111    0.3875    0.1252   0.07546    0.0212  0.007713
    22/149     3.85G   0.03592   0.01625 0.0003277    0.0525       165       512    0.5584    0.4847    0.4974    0.1779   0.07231   0.02165  0.007811
    23/149     3.85G   0.03597   0.01589 0.0004699   0.05234       127       512    0.5234    0.5096    0.5342     0.198   0.07042   0.02052  0.006567
    24/149     3.85G   0.03547   0.01633 0.0003436   0.05215       109       512    0.6239     0.531    0.5611    0.2093   0.07212   0.02056  0.006135
    25/149     3.85G   0.03443   0.01621  0.000259    0.0509       131       512    0.6248    0.5567    0.5798    0.2302   0.06968   0.02024  0.005393
    26/149     3.85G   0.03382    0.0159 0.0003007   0.05003        98       512    0.5933    0.4968    0.5205    0.2015   0.07144   0.02159  0.005765
    27/149     3.85G   0.03406    0.0164 0.0002505   0.05071       127       512    0.6218    0.6103    0.6252    0.2479   0.07015   0.02177  0.005945
    28/149     3.85G   0.03421   0.01636 0.0002366   0.05081       139       512    0.6505    0.6317     0.641    0.2626   0.06722   0.02124  0.005242
    29/149     3.85G   0.03372    0.0164 0.0002753   0.05039       121       512    0.5304    0.5297    0.4699    0.1899   0.06949   0.02144  0.003901
    30/149     3.85G   0.03389   0.01629 0.0001762   0.05036       137       512    0.6834     0.531    0.5944    0.2528   0.06929   0.02174  0.004604
    31/149     3.85G    0.0339   0.01601 0.0002007   0.05011       163       512    0.5525    0.5931    0.5459    0.2083   0.06941   0.02059  0.003652
    32/149     3.85G   0.03385   0.01605 0.0001758   0.05008       152       512     0.632    0.6039    0.6104    0.2471   0.06854   0.02087  0.003315
    33/149     3.85G   0.03379   0.01588 0.0001913   0.04985       129       512    0.5324    0.5095    0.4789    0.2006   0.06986   0.02186  0.003722
    34/149     3.85G   0.03289   0.01578 0.0001969   0.04886       116       512    0.6077    0.6039    0.5779    0.2372   0.06786   0.02144  0.003519
    35/149     3.85G   0.03329   0.01581 0.0001949    0.0493       108       512    0.6105    0.5717    0.5533    0.2379   0.06472   0.02128  0.002706
    36/149     3.85G   0.03308   0.01609 0.0001711   0.04934       111       512    0.7112      0.58    0.6621    0.2881   0.06475   0.02093  0.002937
    37/149     3.85G   0.03333   0.01573 0.0001809   0.04925       142       512    0.7055    0.6253    0.6737    0.2876   0.06345   0.02132  0.003256
    38/149     3.85G   0.03209   0.01585 0.0001422   0.04809       134       512    0.7417    0.5842    0.6779    0.2958    0.0636   0.02112  0.003021
    39/149     3.85G   0.03314    0.0159 0.0001428   0.04919       121       512    0.8037    0.5075    0.6475    0.2908   0.06741   0.02201  0.003619
    40/149     3.85G   0.03158    0.0156 0.0001277    0.0473       117       512    0.5902    0.5489    0.5176    0.2148   0.07094   0.02189   0.00239
    41/149     3.85G   0.03194   0.01598 0.0001511   0.04808       117       512    0.7241    0.6181    0.6896     0.314   0.06206   0.02113  0.002523
    42/149     3.85G   0.03219   0.01596 0.0001198   0.04827       146       512    0.6316    0.6057    0.6157    0.2816   0.06569   0.02083  0.002366
    43/149     3.85G     0.032   0.01576 0.0001333    0.0479       137       512    0.6468    0.6509    0.6432    0.2899   0.06177   0.02089  0.002267
    44/149     3.85G    0.0323   0.01573   0.00014   0.04817       133       512    0.6937    0.6498    0.6744    0.2982   0.06343   0.02131  0.002563
    45/149     3.85G   0.03197    0.0159 0.0001015   0.04797       146       512    0.6581    0.6677    0.6793    0.3001   0.06242    0.0214  0.002388
    46/149     3.85G   0.03211   0.01535 0.0001126   0.04757       139       512    0.7145    0.6231    0.6768    0.3077   0.06682   0.02119  0.002502
    47/149     3.85G   0.03174   0.01563  0.000115   0.04749       118       512     0.692    0.6595    0.6975    0.3242   0.06294   0.02081  0.002283
    48/149     3.85G   0.03167   0.01539 9.712e-05   0.04715       137       512    0.6939    0.6552    0.6927    0.3223   0.06407   0.02118  0.002552
    49/149     3.85G   0.03191   0.01542 0.0001084   0.04744       130       512    0.7185    0.6103    0.6819    0.3212   0.06367   0.02116  0.001985
    50/149     3.85G   0.03159   0.01541 9.607e-05    0.0471       114       512     0.803    0.6286    0.7408    0.3397   0.06421    0.0205  0.002354
    51/149     3.85G   0.03184   0.01554 9.785e-05   0.04748       132       512    0.7353    0.6721    0.7224    0.3362   0.06298    0.0211  0.002408
    52/149     3.85G   0.03143   0.01516 8.115e-05   0.04667       112       512     0.707    0.6467    0.6896    0.3241   0.06337   0.02071  0.002253
    53/149     3.85G   0.03123   0.01535 8.596e-05   0.04666       137       512    0.7624     0.621    0.7018    0.3423   0.06397   0.02109  0.002405
    54/149     3.85G   0.03124   0.01503 7.747e-05   0.04635       181       512    0.7298    0.6745    0.7144    0.3431   0.06303   0.02071  0.002032
    55/149     3.85G   0.03239   0.01557 7.382e-05   0.04804       158       512    0.6632    0.6831     0.688    0.3117   0.06426   0.02142  0.002342
    56/149     3.85G   0.03141   0.01491 7.237e-05    0.0464       141       512    0.7641    0.6531    0.7374    0.3596   0.06311     0.021  0.002187
    57/149     3.85G   0.03163   0.01545  8.31e-05   0.04716       133       512    0.7129    0.6221     0.679    0.3292   0.06363   0.02121  0.002266
    58/149     3.85G   0.03148   0.01478 7.526e-05   0.04634        93       512    0.7299    0.6895    0.7321    0.3544   0.06229   0.02161  0.002177
    59/149     3.85G   0.03072   0.01507 6.278e-05   0.04585       147       512    0.7229    0.6767    0.7018     0.332   0.06435   0.02083  0.002118
    60/149     3.85G   0.03159   0.01495 7.887e-05   0.04662       145       512    0.7411    0.6938    0.7319    0.3437    0.0634   0.02121    0.0024
    61/149     3.85G   0.03135   0.01509 0.0001132   0.04655       167       512    0.7348    0.6999    0.7594    0.3632   0.06426   0.02093  0.002284
    62/149     3.85G   0.03143     0.015 7.653e-05    0.0465       141       512    0.7294    0.6874    0.7315    0.3636   0.06215   0.02112  0.002198
    63/149     3.85G   0.03125   0.01508 7.539e-05    0.0464       141       512    0.6921    0.7173    0.7345    0.3523   0.06338   0.02068  0.001903
    64/149     3.85G   0.03158     0.015 9.748e-05   0.04668       115       512    0.7198    0.6765    0.7107    0.3494   0.06458   0.02101  0.002388
    65/149     3.85G   0.03074   0.01459 6.344e-05    0.0454       141       512    0.7321    0.6852    0.7375    0.3501   0.06298   0.02091  0.001937
    66/149     3.85G   0.03117     0.015 6.684e-05   0.04624       123       512    0.7099     0.697     0.736    0.3739   0.06202   0.02113  0.001985
    67/149     3.85G   0.03113   0.01497 6.535e-05   0.04616       168       512    0.7417    0.6895    0.7454    0.3706   0.06302   0.02163  0.002134
    68/149     3.85G   0.03129   0.01488 5.821e-05   0.04623       155       512    0.8325    0.6296    0.7502     0.379   0.06243   0.02148   0.00215
    69/149     3.85G   0.03132   0.01439  6.62e-05   0.04578       107       512    0.7389    0.6787     0.718      0.35    0.0639   0.02108  0.001901
    70/149     3.85G   0.03105   0.01485 6.933e-05   0.04597       117       512    0.7333    0.6887    0.7562    0.3787   0.06129    0.0214  0.001912
    71/149     3.85G   0.03118   0.01499 5.868e-05   0.04624       153       512    0.7393    0.6809    0.7352    0.3689   0.06289   0.02097  0.001819
    72/149     3.85G   0.03147   0.01436 5.836e-05   0.04589       146       512    0.7449    0.6574    0.7173    0.3558   0.06479   0.02149  0.001996
    73/149     3.85G   0.03094   0.01486 6.157e-05   0.04586       142       512    0.7346    0.7131    0.7685    0.3916   0.06169   0.02098   0.00195
    74/149     3.85G   0.03094   0.01422 5.466e-05   0.04522       108       512    0.7111    0.6958    0.7375    0.3773   0.06193   0.02102  0.001727
    75/149     3.85G   0.03181   0.01497 5.997e-05   0.04684       119       512    0.7442    0.6617    0.7242    0.3523   0.06405   0.02161  0.001997
    76/149     3.85G   0.03128   0.01499 6.186e-05   0.04632       128       512    0.7742    0.6831    0.7543    0.3775   0.06384   0.02126   0.00205
    77/149     3.85G   0.03108   0.01453 6.558e-05   0.04568       132       512    0.7796    0.6831    0.7642    0.3799   0.06266   0.02152  0.002005
    78/149     3.85G   0.03145   0.01451 5.984e-05   0.04601       125       512    0.7644    0.6702    0.7481    0.3702   0.06343   0.02149  0.001973
    79/149     3.85G   0.03177     0.015 6.055e-05   0.04683       119       512    0.7794    0.6595    0.7373    0.3609   0.06267    0.0214   0.00203
    80/149     3.85G   0.03165   0.01434 5.101e-05   0.04604       151       512    0.7951    0.6767     0.756    0.3722   0.06256   0.02143   0.00204
    81/149     3.85G   0.03109   0.01444 5.815e-05   0.04558       144       512    0.7556    0.6951    0.7374    0.3633   0.06397   0.02201  0.001912
    82/149     3.85G   0.03159   0.01422  5.75e-05   0.04587       143       512    0.7741    0.6981    0.7619    0.3871   0.06301   0.02125  0.001862
    83/149     3.85G   0.03116   0.01431 7.436e-05   0.04554       161       512    0.7245    0.7131    0.7409      0.37     0.062   0.02185  0.001973
    84/149     3.85G   0.03129   0.01419 5.877e-05   0.04554       118       512    0.7461    0.6938    0.7565    0.3781   0.06306   0.02198  0.002122
    85/149     3.85G   0.03158   0.01407 5.227e-05    0.0457       143       512    0.7375    0.7109    0.7422    0.3884   0.06162    0.0216  0.001871
    86/149     3.85G   0.03145   0.01425 4.958e-05   0.04575       123       512    0.7318    0.7128    0.7297    0.3791   0.06173   0.02209  0.001752
    87/149     3.85G   0.03061   0.01446 5.266e-05   0.04513       127       512    0.7493    0.6912    0.7582    0.3894   0.06277   0.02198  0.002061
    88/149     3.85G   0.03089   0.01443 5.571e-05   0.04537       110       512    0.7548    0.6895    0.7631    0.3842   0.06169   0.02181  0.002066
    89/149     3.85G   0.03117   0.01426 6.341e-05    0.0455       124       512    0.7486     0.666    0.7488    0.3868   0.06262   0.02178  0.002099
    90/149     3.85G   0.03122   0.01406  5.38e-05   0.04534       132       512    0.8115    0.6552     0.764    0.3902   0.06175   0.02155  0.002057
    91/149     3.85G   0.03109   0.01409 4.831e-05   0.04523       130       512    0.7082    0.7216    0.7427    0.3882   0.06124    0.0207  0.001893
    92/149     3.85G   0.03072   0.01418  5.82e-05   0.04496       141       512    0.7222    0.7237    0.7499    0.3906   0.06229   0.02173  0.002091
    93/149     3.85G   0.03105   0.01398 4.903e-05   0.04508       141       512    0.7826    0.6936    0.7646    0.3889   0.06106    0.0215  0.001979
    94/149     3.85G   0.03111   0.01401 5.187e-05   0.04518       137       512     0.743    0.7066    0.7291    0.3853   0.06227   0.02162  0.001981
    95/149     3.85G   0.03093   0.01398 4.605e-05   0.04495       119       512    0.7568    0.6959    0.7597    0.3935   0.06193   0.02187  0.001882
    96/149     3.85G   0.03019   0.01374 4.682e-05   0.04398       162       512    0.7329    0.7345    0.7618    0.3959   0.06151   0.02206  0.002015
    97/149     3.85G   0.03108   0.01411 5.048e-05   0.04524       135       512    0.7939    0.6847    0.7809    0.4073   0.06082   0.02193   0.00189
    98/149     3.85G   0.03064   0.01398   5.4e-05   0.04468       146       512     0.783    0.7108    0.7716    0.4084   0.06084   0.02173  0.001876
    99/149     3.85G   0.03074   0.01383 5.285e-05   0.04461       131       512    0.7636    0.7471    0.7876    0.3986   0.06134   0.02184  0.001915
   100/149     3.85G   0.03123   0.01385 3.887e-05   0.04512       124       512    0.8128    0.6895    0.7628    0.3964   0.06108   0.02201  0.001865
   101/149     3.85G   0.03009   0.01374  4.29e-05   0.04388       128       512    0.7879    0.7002    0.7671    0.3948   0.06168   0.02176  0.001844
   102/149     3.85G   0.02983   0.01364  3.98e-05   0.04351       110       512    0.8351    0.6616    0.7665    0.4043   0.06133   0.02224  0.001902
   103/149     3.85G   0.03041   0.01389 4.711e-05   0.04435       154       512    0.7638    0.7342    0.7696    0.3926   0.06195   0.02244  0.002014
   104/149     3.85G   0.03019    0.0136 5.529e-05   0.04385       134       512    0.7862    0.7088    0.7712    0.3947   0.06066    0.0221   0.00192
   105/149     3.85G   0.03035   0.01333 4.461e-05   0.04373       140       512    0.7844    0.6959     0.779    0.4112   0.06148   0.02229  0.001859
   106/149     3.85G   0.03007   0.01351   5.9e-05   0.04364       126       512    0.7906    0.6951    0.7724    0.4065    0.0615   0.02218  0.001989
   107/149     3.85G   0.03005   0.01337 3.943e-05   0.04346       103       512    0.7979    0.6681    0.7657    0.4086   0.06113    0.0221  0.001789
   108/149     3.85G   0.03038   0.01347 6.104e-05   0.04391       114       512    0.7952    0.6916    0.7696    0.4008    0.0611   0.02258   0.00198
   109/149     3.85G   0.03003   0.01322 3.485e-05   0.04328       131       512    0.7455    0.7152    0.7609    0.3994    0.0615   0.02242  0.002045
   110/149     3.85G   0.03015   0.01308 6.171e-05   0.04329       162       512    0.8123    0.6981    0.7845      0.41   0.06119   0.02214  0.001977
   111/149     3.85G   0.02999    0.0134 5.038e-05   0.04344       143       512    0.8068    0.7345    0.7888    0.4081   0.06029   0.02237   0.00208
   112/149     3.85G   0.02958   0.01352 3.588e-05   0.04314       130       512     0.813    0.7088    0.7772    0.4027   0.06145   0.02258  0.001988
   113/149     3.85G   0.03007   0.01379 4.169e-05    0.0439       175       512    0.8098    0.6959    0.7747    0.4057   0.06064   0.02228  0.002084
   114/149     3.85G   0.03017   0.01326 3.977e-05   0.04347       134       512    0.7696    0.7151    0.7784    0.4044   0.06086   0.02265  0.002087
   115/149     3.85G   0.03012   0.01316 5.326e-05   0.04333       146       512    0.7652    0.7259    0.7739    0.4083   0.06113   0.02224  0.001871
   116/149     3.85G   0.03004   0.01343  4.34e-05   0.04352       131       512    0.7433    0.7388    0.7766    0.4101   0.06116   0.02226  0.001873
   117/149     3.85G   0.02999   0.01319 4.396e-05   0.04323       134       512    0.7858    0.7088    0.7732    0.4048    0.0611    0.0224   0.00209
   118/149     3.85G   0.02943   0.01312 5.128e-05    0.0426       149       512    0.8156    0.6913    0.7783    0.4097    0.0611    0.0225  0.002168
   119/149     3.85G   0.03035    0.0131  3.29e-05   0.04347       133       512     0.817     0.698    0.7778    0.4032   0.06133   0.02256  0.001898
   120/149     3.85G   0.03029   0.01316 4.038e-05   0.04349       168       512     0.773    0.7365    0.7859    0.4021   0.06139   0.02263  0.001888
   121/149     3.85G   0.03043   0.01346 5.248e-05   0.04394       126       512     0.814    0.7088    0.7844    0.4021   0.06105   0.02226  0.001985
   122/149     3.85G   0.02965   0.01314 4.798e-05   0.04284       198       512    0.8188    0.6872    0.7752    0.4055   0.06077   0.02279  0.001972
   123/149     3.85G   0.02982   0.01283  4.11e-05    0.0427       121       512    0.7747    0.7365    0.7844    0.4104   0.06084   0.02291     0.002
   124/149     3.85G   0.02996   0.01321 4.064e-05   0.04321       120       512    0.7982    0.7131    0.7819    0.4111    0.0606   0.02289  0.002119
   125/149     3.85G   0.02959   0.01356 3.247e-05   0.04319       128       512     0.766    0.7361    0.7776    0.4068   0.06056   0.02241   0.00203
   126/149     3.85G   0.03024   0.01272 4.014e-05     0.043       122       512    0.7871    0.7366    0.7807    0.4096   0.06062   0.02269  0.001915
   127/149     3.85G   0.02968    0.0126 4.308e-05   0.04233       123       512    0.7871    0.7364    0.7942    0.4239    0.0597   0.02272  0.001948
   128/149     3.85G   0.02938   0.01319  4.06e-05   0.04262       123       512    0.7847    0.7345    0.7904    0.4111   0.06019   0.02271  0.001995
   129/149     3.85G    0.0291   0.01276 3.617e-05    0.0419       151       512    0.8162    0.6959    0.7795    0.4101   0.06077   0.02295  0.001991
   130/149     3.85G   0.03002   0.01294 4.478e-05     0.043       130       512    0.8256    0.6894    0.7826     0.412   0.06023    0.0226  0.001893
   131/149     3.85G   0.02967   0.01293 4.401e-05   0.04264       145       512    0.8021    0.7216      0.79    0.4087   0.05965   0.02267  0.001955
   132/149     3.85G   0.02919   0.01302 4.588e-05   0.04226       130       512    0.8084    0.7088    0.7851    0.4124   0.06011   0.02277  0.002025
   133/149     3.85G   0.02981   0.01295 3.303e-05    0.0428       153       512     0.776    0.7281    0.7753    0.4118    0.0596   0.02282  0.001952
   134/149     3.85G   0.02956   0.01254 3.491e-05   0.04213       138       512    0.7964    0.7152    0.7789    0.4143   0.05951   0.02293   0.00199
   135/149     3.85G    0.0296   0.01293 3.477e-05   0.04257       161       512    0.8091    0.7109    0.7962    0.4172   0.05961   0.02268  0.001966
   136/149     3.85G   0.02978   0.01272 3.197e-05   0.04254       107       512    0.8291    0.6981    0.7894    0.4171   0.05934   0.02294  0.002039
   137/149     3.85G   0.02989   0.01239 3.654e-05   0.04231       148       512    0.7957    0.7259    0.7845    0.4131    0.0593   0.02286  0.001955
   138/149     3.85G   0.02949   0.01278 2.994e-05    0.0423       144       512    0.8007    0.7141    0.7842    0.4144   0.05944   0.02284  0.002067
   139/149     3.85G   0.02921   0.01282  3.71e-05   0.04207       135       512    0.8161    0.6935    0.7842    0.4163   0.05918   0.02278  0.002045
   140/149     3.85G   0.02961   0.01293  3.62e-05   0.04258       146       512    0.7966    0.7131    0.7853    0.4204   0.05921    0.0228  0.002067
   141/149     3.85G   0.03016   0.01302 3.459e-05   0.04321       158       512    0.7947    0.7002     0.782     0.417   0.05905   0.02294   0.00199
   142/149     3.85G   0.02994   0.01269 4.097e-05   0.04267       118       512    0.8019    0.6938    0.7778    0.4169   0.05923   0.02308  0.001992
   143/149     3.85G    0.0296   0.01247 5.361e-05   0.04213       120       512    0.7827    0.7172    0.7807    0.4203   0.05919   0.02294  0.001984
   144/149     3.85G   0.02916   0.01244 4.115e-05   0.04163       129       512    0.7976    0.7087    0.7845    0.4215   0.05895    0.0229  0.001974
   145/149     3.85G   0.02961    0.0127 2.785e-05   0.04233       120       512    0.7994    0.7002    0.7779    0.4186   0.05909   0.02292  0.002027
   146/149     3.85G   0.02952   0.01305 3.707e-05   0.04261       150       512    0.8089    0.7002    0.7789     0.418   0.05905   0.02296  0.002087
   147/149     3.85G   0.03012   0.01254 3.819e-05    0.0427       134       512    0.7998    0.7024    0.7742    0.4168   0.05895   0.02298  0.002094
   148/149     3.85G    0.0296   0.01253 3.429e-05   0.04216       131       512    0.7968    0.7152    0.7846    0.4198   0.05889   0.02293   0.00205
   149/149     3.85G    0.0298   0.01276 4.637e-05    0.0426       127       512    0.7957    0.7172    0.7847    0.4215   0.05881   0.02298  0.002096
